	X	Y
0	-200	-270 inicio
1	-200	-190 nivel 1
2	-200	-120
3	-200	-45
4	-200	35
5	-200	110
6	-200	190	
7	-122	190
8	-45	190
9	-45	115	
10	-45	35
11	-45	-40
12	-45	-115
13	-45	-190  Nuevo nivel 2
14	-45	-270
15	30	-270
16	105	-270
17	105	-190
18	105	-115
19	105	-40
20	105	35
21	105	115
22	105	190
23	180	190
24	260	190 
25	260	110 nuevo nivel 3
26	260	35
27	260	-40
28	260	-115
29	260	-190
30	260	-270
31	340	-270
32	415	-270
33	415	-190
34	415	-115
35	415	-40
36	415	35
37	415	110
38	415	190	llegada
	

para poner vidas:: -210,310
para poner puntaje 400,310

para exit o  volver = -450, - 310